{
  "nbformat": 4,
  "nbformat_minor": 0,
  "metadata": {
    "colab": {
      "provenance": [],
      "authorship_tag": "ABX9TyNtOCLUadWZ6qftDOY1s6il",
      "include_colab_link": true
    },
    "kernelspec": {
      "name": "python3",
      "display_name": "Python 3"
    },
    "language_info": {
      "name": "python"
    }
  },
  "cells": [
    {
      "cell_type": "markdown",
      "metadata": {
        "id": "view-in-github",
        "colab_type": "text"
      },
      "source": [
        "<a href=\"https://colab.research.google.com/github/rohandawar/pyspark/blob/main/Pyspark_google_Colab_Primer_Correlation_Analysis.ipynb\" target=\"_parent\"><img src=\"https://colab.research.google.com/assets/colab-badge.svg\" alt=\"Open In Colab\"/></a>"
      ]
    },
    {
      "cell_type": "markdown",
      "source": [
        "In this notebook, I am trying to do the correlation analysis using pyspark, also the initial cells install the pyspark and handles the data imports"
      ],
      "metadata": {
        "id": "3okZIGfRgoB4"
      }
    },
    {
      "cell_type": "markdown",
      "source": [
        "## Install Pyspark"
      ],
      "metadata": {
        "id": "xSTx2VzQrH8I"
      }
    },
    {
      "cell_type": "code",
      "source": [
        "!pip install pyspark"
      ],
      "metadata": {
        "colab": {
          "base_uri": "https://localhost:8080/"
        },
        "id": "Ij9-epn1gz9V",
        "outputId": "d6b89438-37d2-40d6-cb52-7134c202bf85"
      },
      "execution_count": 1,
      "outputs": [
        {
          "output_type": "stream",
          "name": "stdout",
          "text": [
            "Looking in indexes: https://pypi.org/simple, https://us-python.pkg.dev/colab-wheels/public/simple/\n",
            "Collecting pyspark\n",
            "  Downloading pyspark-3.4.0.tar.gz (310.8 MB)\n",
            "\u001b[2K     \u001b[90m━━━━━━━━━━━━━━━━━━━━━━━━━━━━━━━━━━━━━━━\u001b[0m \u001b[32m310.8/310.8 MB\u001b[0m \u001b[31m3.1 MB/s\u001b[0m eta \u001b[36m0:00:00\u001b[0m\n",
            "\u001b[?25h  Preparing metadata (setup.py) ... \u001b[?25l\u001b[?25hdone\n",
            "Requirement already satisfied: py4j==0.10.9.7 in /usr/local/lib/python3.10/dist-packages (from pyspark) (0.10.9.7)\n",
            "Building wheels for collected packages: pyspark\n",
            "  Building wheel for pyspark (setup.py) ... \u001b[?25l\u001b[?25hdone\n",
            "  Created wheel for pyspark: filename=pyspark-3.4.0-py2.py3-none-any.whl size=311317130 sha256=a80a24c4495aac1d3edd5e0f1712eb855137d9533473848a667ebf16d5a99a7a\n",
            "  Stored in directory: /root/.cache/pip/wheels/7b/1b/4b/3363a1d04368e7ff0d408e57ff57966fcdf00583774e761327\n",
            "Successfully built pyspark\n",
            "Installing collected packages: pyspark\n",
            "Successfully installed pyspark-3.4.0\n"
          ]
        }
      ]
    },
    {
      "cell_type": "code",
      "source": [
        "# ImportSpark Session & Start a spark Session\n",
        "from pyspark.sql import SparkSession\n",
        "spark = SparkSession.builder.appName('CorrelationAnalysis').getOrCreate()"
      ],
      "metadata": {
        "id": "5wVDAjELhJp7"
      },
      "execution_count": 2,
      "outputs": []
    },
    {
      "cell_type": "markdown",
      "source": [
        "## Import Libs"
      ],
      "metadata": {
        "id": "ymJG5_fer8h0"
      }
    },
    {
      "cell_type": "code",
      "source": [
        "# Import Libs\n",
        "from pyspark.sql.functions import *"
      ],
      "metadata": {
        "id": "KMzZ2WFBhsSg"
      },
      "execution_count": 3,
      "outputs": []
    },
    {
      "cell_type": "code",
      "source": [
        "# mount the drive\n",
        "from google.colab import drive\n",
        "drive.mount('/content/drive')"
      ],
      "metadata": {
        "colab": {
          "base_uri": "https://localhost:8080/"
        },
        "id": "cjR3uVaadwM9",
        "outputId": "03c2ed89-073e-491c-edb1-a24bda991009"
      },
      "execution_count": 4,
      "outputs": [
        {
          "output_type": "stream",
          "name": "stdout",
          "text": [
            "Mounted at /content/drive\n"
          ]
        }
      ]
    },
    {
      "cell_type": "code",
      "source": [
        "# Import Libs\n",
        "from pyspark.ml.stat import Correlation\n",
        "from pyspark.ml.feature import VectorAssembler\n",
        "\n",
        "# PLotting\n",
        "import matplotlib.pyplot as plt\n",
        "import seaborn as sns\n"
      ],
      "metadata": {
        "id": "9ub7fjFJkgJf"
      },
      "execution_count": 5,
      "outputs": []
    },
    {
      "cell_type": "code",
      "source": [
        "# Function defination for plotting the correlation matrix\n",
        "def plot_corr_matrix(correlations,attr,fig_no):\n",
        "  fig=plt.figure(fig_no)\n",
        "  ax = fig.add_subplot(111)\n",
        "  ax.set_title('Corelation Matrix for the Attributes')\n",
        "  ax.set_xticklabels(['']+attr)\n",
        "  ax.set_yticklabels(['']+attr)\n",
        "  cax = ax.matshow(correlations,vmax=1, vmin=-1)\n",
        "  fig.colorbar(cax)\n",
        "  plt.show()\n",
        "\n",
        "# An improvment on the above function\n",
        "def plot_corr_matrix_seaborn(correlations, attr,fig_no):\n",
        "  fig = plt.figure(fig_no)\n",
        "  fig.suptitle('Correlation Matrix for the attributes using Seaborn')\n",
        "  sns.heatmap(correlations,\n",
        "              xticklabels=attr,\n",
        "              yticklabels=attr,\n",
        "              cmap='coolwarm',\n",
        "              vmin=-1,\n",
        "              vmax=1,\n",
        "              annot=True,\n",
        "              fmt='.2f',\n",
        "              cbar_kws={'label':'Correlation'})\n",
        "  plt.show()"
      ],
      "metadata": {
        "id": "0wmSLinCcjXD"
      },
      "execution_count": 6,
      "outputs": []
    },
    {
      "cell_type": "code",
      "source": [
        "# Read the data\n",
        "path = '/content/drive/MyDrive/DataSets_Pyspark_GoogleColab_Primer/Boston.csv' # Path for the items in the google drive\n",
        "df1 = spark.read.csv(path, inferSchema=True, header=True).drop('_c0')\n",
        "df1.show()"
      ],
      "metadata": {
        "colab": {
          "base_uri": "https://localhost:8080/"
        },
        "id": "Lp1UuneajZrW",
        "outputId": "2d2aa370-ccd8-4fc5-de31-eb72d60ce887"
      },
      "execution_count": 7,
      "outputs": [
        {
          "output_type": "stream",
          "name": "stdout",
          "text": [
            "+-------+----+-----+----+-----+-----+-----+------+---+---+-------+------+-----+----+\n",
            "|   crim|  zn|indus|chas|  nox|   rm|  age|   dis|rad|tax|ptratio| black|lstat|medv|\n",
            "+-------+----+-----+----+-----+-----+-----+------+---+---+-------+------+-----+----+\n",
            "|0.00632|18.0| 2.31|   0|0.538|6.575| 65.2|  4.09|  1|296|   15.3| 396.9| 4.98|24.0|\n",
            "|0.02731| 0.0| 7.07|   0|0.469|6.421| 78.9|4.9671|  2|242|   17.8| 396.9| 9.14|21.6|\n",
            "|0.02729| 0.0| 7.07|   0|0.469|7.185| 61.1|4.9671|  2|242|   17.8|392.83| 4.03|34.7|\n",
            "|0.03237| 0.0| 2.18|   0|0.458|6.998| 45.8|6.0622|  3|222|   18.7|394.63| 2.94|33.4|\n",
            "|0.06905| 0.0| 2.18|   0|0.458|7.147| 54.2|6.0622|  3|222|   18.7| 396.9| 5.33|36.2|\n",
            "|0.02985| 0.0| 2.18|   0|0.458| 6.43| 58.7|6.0622|  3|222|   18.7|394.12| 5.21|28.7|\n",
            "|0.08829|12.5| 7.87|   0|0.524|6.012| 66.6|5.5605|  5|311|   15.2| 395.6|12.43|22.9|\n",
            "|0.14455|12.5| 7.87|   0|0.524|6.172| 96.1|5.9505|  5|311|   15.2| 396.9|19.15|27.1|\n",
            "|0.21124|12.5| 7.87|   0|0.524|5.631|100.0|6.0821|  5|311|   15.2|386.63|29.93|16.5|\n",
            "|0.17004|12.5| 7.87|   0|0.524|6.004| 85.9|6.5921|  5|311|   15.2|386.71| 17.1|18.9|\n",
            "|0.22489|12.5| 7.87|   0|0.524|6.377| 94.3|6.3467|  5|311|   15.2|392.52|20.45|15.0|\n",
            "|0.11747|12.5| 7.87|   0|0.524|6.009| 82.9|6.2267|  5|311|   15.2| 396.9|13.27|18.9|\n",
            "|0.09378|12.5| 7.87|   0|0.524|5.889| 39.0|5.4509|  5|311|   15.2| 390.5|15.71|21.7|\n",
            "|0.62976| 0.0| 8.14|   0|0.538|5.949| 61.8|4.7075|  4|307|   21.0| 396.9| 8.26|20.4|\n",
            "|0.63796| 0.0| 8.14|   0|0.538|6.096| 84.5|4.4619|  4|307|   21.0|380.02|10.26|18.2|\n",
            "|0.62739| 0.0| 8.14|   0|0.538|5.834| 56.5|4.4986|  4|307|   21.0|395.62| 8.47|19.9|\n",
            "|1.05393| 0.0| 8.14|   0|0.538|5.935| 29.3|4.4986|  4|307|   21.0|386.85| 6.58|23.1|\n",
            "| 0.7842| 0.0| 8.14|   0|0.538| 5.99| 81.7|4.2579|  4|307|   21.0|386.75|14.67|17.5|\n",
            "|0.80271| 0.0| 8.14|   0|0.538|5.456| 36.6|3.7965|  4|307|   21.0|288.99|11.69|20.2|\n",
            "| 0.7258| 0.0| 8.14|   0|0.538|5.727| 69.5|3.7965|  4|307|   21.0|390.95|11.28|18.2|\n",
            "+-------+----+-----+----+-----+-----+-----+------+---+---+-------+------+-----+----+\n",
            "only showing top 20 rows\n",
            "\n"
          ]
        }
      ]
    },
    {
      "cell_type": "code",
      "source": [
        "# check the schema for the dataframe\n",
        "df1.printSchema()"
      ],
      "metadata": {
        "id": "gCgKGCoFjqEm",
        "colab": {
          "base_uri": "https://localhost:8080/"
        },
        "outputId": "5fe95c71-202a-41cc-970f-0b8a2132b77b"
      },
      "execution_count": 8,
      "outputs": [
        {
          "output_type": "stream",
          "name": "stdout",
          "text": [
            "root\n",
            " |-- crim: double (nullable = true)\n",
            " |-- zn: double (nullable = true)\n",
            " |-- indus: double (nullable = true)\n",
            " |-- chas: integer (nullable = true)\n",
            " |-- nox: double (nullable = true)\n",
            " |-- rm: double (nullable = true)\n",
            " |-- age: double (nullable = true)\n",
            " |-- dis: double (nullable = true)\n",
            " |-- rad: integer (nullable = true)\n",
            " |-- tax: integer (nullable = true)\n",
            " |-- ptratio: double (nullable = true)\n",
            " |-- black: double (nullable = true)\n",
            " |-- lstat: double (nullable = true)\n",
            " |-- medv: double (nullable = true)\n",
            "\n"
          ]
        }
      ]
    },
    {
      "cell_type": "code",
      "source": [
        "# retain all the numeric columns and convert to pandas dataframe\n",
        "numeric_features = [fields for (fields,dataType) in df1.dtypes if dataType !='string']\n",
        "\n",
        "# Creating a df with only the numeric features\n",
        "numeric_features_df=df1.select(numeric_features)\n",
        "\n",
        "# Convert to Pandas & check the head\n",
        "numeric_features_df.toPandas().head()"
      ],
      "metadata": {
        "colab": {
          "base_uri": "https://localhost:8080/",
          "height": 215
        },
        "id": "jtHwWDFcpjFB",
        "outputId": "02c6455a-e534-49b2-d238-a4feaf6c041f"
      },
      "execution_count": 21,
      "outputs": [
        {
          "output_type": "execute_result",
          "data": {
            "text/plain": [
              "      crim    zn  indus  chas    nox     rm   age     dis  rad  tax  ptratio  \\\n",
              "0  0.00632  18.0   2.31     0  0.538  6.575  65.2  4.0900    1  296     15.3   \n",
              "1  0.02731   0.0   7.07     0  0.469  6.421  78.9  4.9671    2  242     17.8   \n",
              "2  0.02729   0.0   7.07     0  0.469  7.185  61.1  4.9671    2  242     17.8   \n",
              "3  0.03237   0.0   2.18     0  0.458  6.998  45.8  6.0622    3  222     18.7   \n",
              "4  0.06905   0.0   2.18     0  0.458  7.147  54.2  6.0622    3  222     18.7   \n",
              "\n",
              "    black  lstat  medv  \n",
              "0  396.90   4.98  24.0  \n",
              "1  396.90   9.14  21.6  \n",
              "2  392.83   4.03  34.7  \n",
              "3  394.63   2.94  33.4  \n",
              "4  396.90   5.33  36.2  "
            ],
            "text/html": [
              "\n",
              "  <div id=\"df-5e52dfb7-3eca-43bc-bc78-cd588db2a8a6\">\n",
              "    <div class=\"colab-df-container\">\n",
              "      <div>\n",
              "<style scoped>\n",
              "    .dataframe tbody tr th:only-of-type {\n",
              "        vertical-align: middle;\n",
              "    }\n",
              "\n",
              "    .dataframe tbody tr th {\n",
              "        vertical-align: top;\n",
              "    }\n",
              "\n",
              "    .dataframe thead th {\n",
              "        text-align: right;\n",
              "    }\n",
              "</style>\n",
              "<table border=\"1\" class=\"dataframe\">\n",
              "  <thead>\n",
              "    <tr style=\"text-align: right;\">\n",
              "      <th></th>\n",
              "      <th>crim</th>\n",
              "      <th>zn</th>\n",
              "      <th>indus</th>\n",
              "      <th>chas</th>\n",
              "      <th>nox</th>\n",
              "      <th>rm</th>\n",
              "      <th>age</th>\n",
              "      <th>dis</th>\n",
              "      <th>rad</th>\n",
              "      <th>tax</th>\n",
              "      <th>ptratio</th>\n",
              "      <th>black</th>\n",
              "      <th>lstat</th>\n",
              "      <th>medv</th>\n",
              "    </tr>\n",
              "  </thead>\n",
              "  <tbody>\n",
              "    <tr>\n",
              "      <th>0</th>\n",
              "      <td>0.00632</td>\n",
              "      <td>18.0</td>\n",
              "      <td>2.31</td>\n",
              "      <td>0</td>\n",
              "      <td>0.538</td>\n",
              "      <td>6.575</td>\n",
              "      <td>65.2</td>\n",
              "      <td>4.0900</td>\n",
              "      <td>1</td>\n",
              "      <td>296</td>\n",
              "      <td>15.3</td>\n",
              "      <td>396.90</td>\n",
              "      <td>4.98</td>\n",
              "      <td>24.0</td>\n",
              "    </tr>\n",
              "    <tr>\n",
              "      <th>1</th>\n",
              "      <td>0.02731</td>\n",
              "      <td>0.0</td>\n",
              "      <td>7.07</td>\n",
              "      <td>0</td>\n",
              "      <td>0.469</td>\n",
              "      <td>6.421</td>\n",
              "      <td>78.9</td>\n",
              "      <td>4.9671</td>\n",
              "      <td>2</td>\n",
              "      <td>242</td>\n",
              "      <td>17.8</td>\n",
              "      <td>396.90</td>\n",
              "      <td>9.14</td>\n",
              "      <td>21.6</td>\n",
              "    </tr>\n",
              "    <tr>\n",
              "      <th>2</th>\n",
              "      <td>0.02729</td>\n",
              "      <td>0.0</td>\n",
              "      <td>7.07</td>\n",
              "      <td>0</td>\n",
              "      <td>0.469</td>\n",
              "      <td>7.185</td>\n",
              "      <td>61.1</td>\n",
              "      <td>4.9671</td>\n",
              "      <td>2</td>\n",
              "      <td>242</td>\n",
              "      <td>17.8</td>\n",
              "      <td>392.83</td>\n",
              "      <td>4.03</td>\n",
              "      <td>34.7</td>\n",
              "    </tr>\n",
              "    <tr>\n",
              "      <th>3</th>\n",
              "      <td>0.03237</td>\n",
              "      <td>0.0</td>\n",
              "      <td>2.18</td>\n",
              "      <td>0</td>\n",
              "      <td>0.458</td>\n",
              "      <td>6.998</td>\n",
              "      <td>45.8</td>\n",
              "      <td>6.0622</td>\n",
              "      <td>3</td>\n",
              "      <td>222</td>\n",
              "      <td>18.7</td>\n",
              "      <td>394.63</td>\n",
              "      <td>2.94</td>\n",
              "      <td>33.4</td>\n",
              "    </tr>\n",
              "    <tr>\n",
              "      <th>4</th>\n",
              "      <td>0.06905</td>\n",
              "      <td>0.0</td>\n",
              "      <td>2.18</td>\n",
              "      <td>0</td>\n",
              "      <td>0.458</td>\n",
              "      <td>7.147</td>\n",
              "      <td>54.2</td>\n",
              "      <td>6.0622</td>\n",
              "      <td>3</td>\n",
              "      <td>222</td>\n",
              "      <td>18.7</td>\n",
              "      <td>396.90</td>\n",
              "      <td>5.33</td>\n",
              "      <td>36.2</td>\n",
              "    </tr>\n",
              "  </tbody>\n",
              "</table>\n",
              "</div>\n",
              "      <button class=\"colab-df-convert\" onclick=\"convertToInteractive('df-5e52dfb7-3eca-43bc-bc78-cd588db2a8a6')\"\n",
              "              title=\"Convert this dataframe to an interactive table.\"\n",
              "              style=\"display:none;\">\n",
              "        \n",
              "  <svg xmlns=\"http://www.w3.org/2000/svg\" height=\"24px\"viewBox=\"0 0 24 24\"\n",
              "       width=\"24px\">\n",
              "    <path d=\"M0 0h24v24H0V0z\" fill=\"none\"/>\n",
              "    <path d=\"M18.56 5.44l.94 2.06.94-2.06 2.06-.94-2.06-.94-.94-2.06-.94 2.06-2.06.94zm-11 1L8.5 8.5l.94-2.06 2.06-.94-2.06-.94L8.5 2.5l-.94 2.06-2.06.94zm10 10l.94 2.06.94-2.06 2.06-.94-2.06-.94-.94-2.06-.94 2.06-2.06.94z\"/><path d=\"M17.41 7.96l-1.37-1.37c-.4-.4-.92-.59-1.43-.59-.52 0-1.04.2-1.43.59L10.3 9.45l-7.72 7.72c-.78.78-.78 2.05 0 2.83L4 21.41c.39.39.9.59 1.41.59.51 0 1.02-.2 1.41-.59l7.78-7.78 2.81-2.81c.8-.78.8-2.07 0-2.86zM5.41 20L4 18.59l7.72-7.72 1.47 1.35L5.41 20z\"/>\n",
              "  </svg>\n",
              "      </button>\n",
              "      \n",
              "  <style>\n",
              "    .colab-df-container {\n",
              "      display:flex;\n",
              "      flex-wrap:wrap;\n",
              "      gap: 12px;\n",
              "    }\n",
              "\n",
              "    .colab-df-convert {\n",
              "      background-color: #E8F0FE;\n",
              "      border: none;\n",
              "      border-radius: 50%;\n",
              "      cursor: pointer;\n",
              "      display: none;\n",
              "      fill: #1967D2;\n",
              "      height: 32px;\n",
              "      padding: 0 0 0 0;\n",
              "      width: 32px;\n",
              "    }\n",
              "\n",
              "    .colab-df-convert:hover {\n",
              "      background-color: #E2EBFA;\n",
              "      box-shadow: 0px 1px 2px rgba(60, 64, 67, 0.3), 0px 1px 3px 1px rgba(60, 64, 67, 0.15);\n",
              "      fill: #174EA6;\n",
              "    }\n",
              "\n",
              "    [theme=dark] .colab-df-convert {\n",
              "      background-color: #3B4455;\n",
              "      fill: #D2E3FC;\n",
              "    }\n",
              "\n",
              "    [theme=dark] .colab-df-convert:hover {\n",
              "      background-color: #434B5C;\n",
              "      box-shadow: 0px 1px 3px 1px rgba(0, 0, 0, 0.15);\n",
              "      filter: drop-shadow(0px 1px 2px rgba(0, 0, 0, 0.3));\n",
              "      fill: #FFFFFF;\n",
              "    }\n",
              "  </style>\n",
              "\n",
              "      <script>\n",
              "        const buttonEl =\n",
              "          document.querySelector('#df-5e52dfb7-3eca-43bc-bc78-cd588db2a8a6 button.colab-df-convert');\n",
              "        buttonEl.style.display =\n",
              "          google.colab.kernel.accessAllowed ? 'block' : 'none';\n",
              "\n",
              "        async function convertToInteractive(key) {\n",
              "          const element = document.querySelector('#df-5e52dfb7-3eca-43bc-bc78-cd588db2a8a6');\n",
              "          const dataTable =\n",
              "            await google.colab.kernel.invokeFunction('convertToInteractive',\n",
              "                                                     [key], {});\n",
              "          if (!dataTable) return;\n",
              "\n",
              "          const docLinkHtml = 'Like what you see? Visit the ' +\n",
              "            '<a target=\"_blank\" href=https://colab.research.google.com/notebooks/data_table.ipynb>data table notebook</a>'\n",
              "            + ' to learn more about interactive tables.';\n",
              "          element.innerHTML = '';\n",
              "          dataTable['output_type'] = 'display_data';\n",
              "          await google.colab.output.renderOutput(dataTable, element);\n",
              "          const docLink = document.createElement('div');\n",
              "          docLink.innerHTML = docLinkHtml;\n",
              "          element.appendChild(docLink);\n",
              "        }\n",
              "      </script>\n",
              "    </div>\n",
              "  </div>\n",
              "  "
            ]
          },
          "metadata": {},
          "execution_count": 21
        }
      ]
    },
    {
      "cell_type": "markdown",
      "source": [
        "## Correlation"
      ],
      "metadata": {
        "id": "ueBI-cKjqk-I"
      }
    },
    {
      "cell_type": "code",
      "source": [
        "df1.stat.corr('crim', 'medv')"
      ],
      "metadata": {
        "colab": {
          "base_uri": "https://localhost:8080/"
        },
        "id": "OMnOdC_9qjP2",
        "outputId": "a56104b7-eaa1-4928-f147-4c58a1548ed1"
      },
      "execution_count": 10,
      "outputs": [
        {
          "output_type": "execute_result",
          "data": {
            "text/plain": [
              "-0.38830460858681154"
            ]
          },
          "metadata": {},
          "execution_count": 10
        }
      ]
    },
    {
      "cell_type": "code",
      "source": [
        "# Create a list of Variable for which we have to calculate the correlation\n",
        "Variables_Corr = ['crim','zn',\n",
        "'indus','chas','nox','tax','ptratio','black','lstat',\n",
        "'rm','age','dis','rad','medv']"
      ],
      "metadata": {
        "id": "4lfmOOYNp_Vq"
      },
      "execution_count": 11,
      "outputs": []
    },
    {
      "cell_type": "code",
      "source": [
        "vector_col = 'corr_features'\n",
        "assembler = VectorAssembler(inputCols=Variables_Corr,\n",
        "                            outputCol=vector_col)"
      ],
      "metadata": {
        "id": "SKz4ZbivqBgM"
      },
      "execution_count": 12,
      "outputs": []
    },
    {
      "cell_type": "code",
      "source": [
        "Mygraph_Vector = assembler.transform(df1).select(vector_col)\n",
        "Mygraph_Vector.show(truncate=False)"
      ],
      "metadata": {
        "colab": {
          "base_uri": "https://localhost:8080/"
        },
        "id": "pPReJsi1u3Eq",
        "outputId": "0f9a8d5a-40c6-4299-8e97-4c575fc5dcd7"
      },
      "execution_count": 13,
      "outputs": [
        {
          "output_type": "stream",
          "name": "stdout",
          "text": [
            "+---------------------------------------------------------------------------------+\n",
            "|corr_features                                                                    |\n",
            "+---------------------------------------------------------------------------------+\n",
            "|[0.00632,18.0,2.31,0.0,0.538,296.0,15.3,396.9,4.98,6.575,65.2,4.09,1.0,24.0]     |\n",
            "|[0.02731,0.0,7.07,0.0,0.469,242.0,17.8,396.9,9.14,6.421,78.9,4.9671,2.0,21.6]    |\n",
            "|[0.02729,0.0,7.07,0.0,0.469,242.0,17.8,392.83,4.03,7.185,61.1,4.9671,2.0,34.7]   |\n",
            "|[0.03237,0.0,2.18,0.0,0.458,222.0,18.7,394.63,2.94,6.998,45.8,6.0622,3.0,33.4]   |\n",
            "|[0.06905,0.0,2.18,0.0,0.458,222.0,18.7,396.9,5.33,7.147,54.2,6.0622,3.0,36.2]    |\n",
            "|[0.02985,0.0,2.18,0.0,0.458,222.0,18.7,394.12,5.21,6.43,58.7,6.0622,3.0,28.7]    |\n",
            "|[0.08829,12.5,7.87,0.0,0.524,311.0,15.2,395.6,12.43,6.012,66.6,5.5605,5.0,22.9]  |\n",
            "|[0.14455,12.5,7.87,0.0,0.524,311.0,15.2,396.9,19.15,6.172,96.1,5.9505,5.0,27.1]  |\n",
            "|[0.21124,12.5,7.87,0.0,0.524,311.0,15.2,386.63,29.93,5.631,100.0,6.0821,5.0,16.5]|\n",
            "|[0.17004,12.5,7.87,0.0,0.524,311.0,15.2,386.71,17.1,6.004,85.9,6.5921,5.0,18.9]  |\n",
            "|[0.22489,12.5,7.87,0.0,0.524,311.0,15.2,392.52,20.45,6.377,94.3,6.3467,5.0,15.0] |\n",
            "|[0.11747,12.5,7.87,0.0,0.524,311.0,15.2,396.9,13.27,6.009,82.9,6.2267,5.0,18.9]  |\n",
            "|[0.09378,12.5,7.87,0.0,0.524,311.0,15.2,390.5,15.71,5.889,39.0,5.4509,5.0,21.7]  |\n",
            "|[0.62976,0.0,8.14,0.0,0.538,307.0,21.0,396.9,8.26,5.949,61.8,4.7075,4.0,20.4]    |\n",
            "|[0.63796,0.0,8.14,0.0,0.538,307.0,21.0,380.02,10.26,6.096,84.5,4.4619,4.0,18.2]  |\n",
            "|[0.62739,0.0,8.14,0.0,0.538,307.0,21.0,395.62,8.47,5.834,56.5,4.4986,4.0,19.9]   |\n",
            "|[1.05393,0.0,8.14,0.0,0.538,307.0,21.0,386.85,6.58,5.935,29.3,4.4986,4.0,23.1]   |\n",
            "|[0.7842,0.0,8.14,0.0,0.538,307.0,21.0,386.75,14.67,5.99,81.7,4.2579,4.0,17.5]    |\n",
            "|[0.80271,0.0,8.14,0.0,0.538,307.0,21.0,288.99,11.69,5.456,36.6,3.7965,4.0,20.2]  |\n",
            "|[0.7258,0.0,8.14,0.0,0.538,307.0,21.0,390.95,11.28,5.727,69.5,3.7965,4.0,18.2]   |\n",
            "+---------------------------------------------------------------------------------+\n",
            "only showing top 20 rows\n",
            "\n"
          ]
        }
      ]
    },
    {
      "cell_type": "code",
      "source": [
        "# creating a matix for the correlation\n",
        "matrix = Correlation.corr(Mygraph_Vector, vector_col)\n",
        "matrix.collect()[0][\"pearson({})\".format(vector_col)].values"
      ],
      "metadata": {
        "colab": {
          "base_uri": "https://localhost:8080/"
        },
        "id": "57LP8XqqaLj2",
        "outputId": "683bfd5b-9674-4843-927a-d266f9d65d42"
      },
      "execution_count": 14,
      "outputs": [
        {
          "output_type": "execute_result",
          "data": {
            "text/plain": [
              "array([ 1.        , -0.20046922,  0.40658341, -0.05589158,  0.42097171,\n",
              "        0.58276431,  0.28994558, -0.38506394,  0.45562148, -0.2192467 ,\n",
              "        0.35273425, -0.37967009,  0.62550515, -0.38830461, -0.20046922,\n",
              "        1.        , -0.53382819, -0.04269672, -0.51660371, -0.31456332,\n",
              "       -0.39167855,  0.17552032, -0.41299457,  0.31199059, -0.56953734,\n",
              "        0.66440822, -0.31194783,  0.36044534,  0.40658341, -0.53382819,\n",
              "        1.        ,  0.06293803,  0.76365145,  0.72076018,  0.38324756,\n",
              "       -0.35697654,  0.60379972, -0.39167585,  0.64477851, -0.70802699,\n",
              "        0.59512927, -0.48372516, -0.05589158, -0.04269672,  0.06293803,\n",
              "        1.        ,  0.09120281, -0.03558652, -0.12151517,  0.04878848,\n",
              "       -0.0539293 ,  0.09125123,  0.08651777, -0.09917578, -0.00736824,\n",
              "        0.17526018,  0.42097171, -0.51660371,  0.76365145,  0.09120281,\n",
              "        1.        ,  0.6680232 ,  0.18893268, -0.38005064,  0.59087892,\n",
              "       -0.30218819,  0.7314701 , -0.76923011,  0.61144056, -0.42732077,\n",
              "        0.58276431, -0.31456332,  0.72076018, -0.03558652,  0.6680232 ,\n",
              "        1.        ,  0.46085304, -0.44180801,  0.54399341, -0.29204783,\n",
              "        0.50645559, -0.53443158,  0.91022819, -0.46853593,  0.28994558,\n",
              "       -0.39167855,  0.38324756, -0.12151517,  0.18893268,  0.46085304,\n",
              "        1.        , -0.1773833 ,  0.37404432, -0.35550149,  0.26151501,\n",
              "       -0.23247054,  0.46474118, -0.50778669, -0.38506394,  0.17552032,\n",
              "       -0.35697654,  0.04878848, -0.38005064, -0.44180801, -0.1773833 ,\n",
              "        1.        , -0.3660869 ,  0.12806864, -0.27353398,  0.29151167,\n",
              "       -0.44441282,  0.33346082,  0.45562148, -0.41299457,  0.60379972,\n",
              "       -0.0539293 ,  0.59087892,  0.54399341,  0.37404432, -0.3660869 ,\n",
              "        1.        , -0.61380827,  0.60233853, -0.49699583,  0.48867633,\n",
              "       -0.73766273, -0.2192467 ,  0.31199059, -0.39167585,  0.09125123,\n",
              "       -0.30218819, -0.29204783, -0.35550149,  0.12806864, -0.61380827,\n",
              "        1.        , -0.24026493,  0.20524621, -0.20984667,  0.69535995,\n",
              "        0.35273425, -0.56953734,  0.64477851,  0.08651777,  0.7314701 ,\n",
              "        0.50645559,  0.26151501, -0.27353398,  0.60233853, -0.24026493,\n",
              "        1.        , -0.74788054,  0.45602245, -0.37695457, -0.37967009,\n",
              "        0.66440822, -0.70802699, -0.09917578, -0.76923011, -0.53443158,\n",
              "       -0.23247054,  0.29151167, -0.49699583,  0.20524621, -0.74788054,\n",
              "        1.        , -0.49458793,  0.24992873,  0.62550515, -0.31194783,\n",
              "        0.59512927, -0.00736824,  0.61144056,  0.91022819,  0.46474118,\n",
              "       -0.44441282,  0.48867633, -0.20984667,  0.45602245, -0.49458793,\n",
              "        1.        , -0.38162623, -0.38830461,  0.36044534, -0.48372516,\n",
              "        0.17526018, -0.42732077, -0.46853593, -0.50778669,  0.33346082,\n",
              "       -0.73766273,  0.69535995, -0.37695457,  0.24992873, -0.38162623,\n",
              "        1.        ])"
            ]
          },
          "metadata": {},
          "execution_count": 14
        }
      ]
    },
    {
      "cell_type": "code",
      "source": [
        "matrix = Correlation.corr(Mygraph_Vector, vector_col).collect()[0][0]\n",
        "corrmatrix = matrix.toArray().tolist()"
      ],
      "metadata": {
        "id": "alRlORhLbTF8"
      },
      "execution_count": 15,
      "outputs": []
    },
    {
      "cell_type": "code",
      "source": [
        "# create a dataframe\n",
        "df = spark.createDataFrame(corrmatrix, df1.columns)\n",
        "df.show()"
      ],
      "metadata": {
        "colab": {
          "base_uri": "https://localhost:8080/"
        },
        "id": "aQ5TO8pscH8L",
        "outputId": "de0e28f2-1816-42c5-96bc-6934fbcf4f19"
      },
      "execution_count": 16,
      "outputs": [
        {
          "output_type": "stream",
          "name": "stdout",
          "text": [
            "+--------------------+--------------------+--------------------+--------------------+-------------------+--------------------+--------------------+--------------------+--------------------+--------------------+--------------------+--------------------+--------------------+--------------------+\n",
            "|                crim|                  zn|               indus|                chas|                nox|                  rm|                 age|                 dis|                 rad|                 tax|             ptratio|               black|               lstat|                medv|\n",
            "+--------------------+--------------------+--------------------+--------------------+-------------------+--------------------+--------------------+--------------------+--------------------+--------------------+--------------------+--------------------+--------------------+--------------------+\n",
            "|                 1.0|-0.20046921966254821| 0.40658341140625986|-0.05589158222224122|0.42097171139245615|  0.5827643120325848| 0.28994557927952075|-0.38506394199422384|  0.4556214794479462|  -0.219246702862514|  0.3527342509013635| -0.3796700869510246|  0.6255051452626013| -0.3883046085868113|\n",
            "|-0.20046921966254821|                 1.0| -0.5338281863044748|-0.04269671929612121|-0.5166037078279848| -0.3145633246775989|-0.39167854793621926| 0.17552031738282786|-0.41299457452700433| 0.31199058737409197| -0.5695373420992127|   0.664408222762113| -0.3119478260185375| 0.36044534245054427|\n",
            "| 0.40658341140625986| -0.5338281863044748|                 1.0| 0.06293802748966379| 0.7636514469209146|  0.7207601799515443| 0.38324755642888764|-0.35697653510419286|  0.6037997164766219| -0.3916758526568437|  0.6447785113552555| -0.7080269887427688|  0.5951292746038489|-0.48372516002837335|\n",
            "|-0.05589158222224122|-0.04269671929612121| 0.06293802748966379|                 1.0|0.09120280684249463|-0.03558651758591118| -0.1215151736580607|0.048788484955166245|-0.05392929837569...| 0.09125122504345601| 0.08651777425454256|-0.09917578017472718|-0.00736824088607...| 0.17526017719029738|\n",
            "| 0.42097171139245615| -0.5166037078279848|  0.7636514469209146| 0.09120280684249463|                1.0|  0.6680232004030217| 0.18893267711276718| -0.3800506377924002|  0.5908789208808454| -0.3021881878495933|  0.7314701037859579| -0.7692301132258271|  0.6114405634855754| -0.4273207723732823|\n",
            "|  0.5827643120325848| -0.3145633246775989|  0.7207601799515443|-0.03558651758591118| 0.6680232004030217|                 1.0|  0.4608530350656672|-0.44180800672281334|   0.543993412001569|-0.29204783262321904|  0.5064555935507052| -0.5344315844084561|   0.910228188533183| -0.4685359335677664|\n",
            "| 0.28994557927952075|-0.39167854793621926| 0.38324755642888764| -0.1215151736580607|0.18893267711276718|  0.4608530350656672|                 1.0|-0.17738330230523186| 0.37404431671467636| -0.3555014945590851| 0.26151501167195773|-0.23247054240825682| 0.46474117850305563|  -0.507786685537562|\n",
            "|-0.38506394199422384| 0.17552031738282786|-0.35697653510419286|0.048788484955166245|-0.3800506377924002|-0.44180800672281334|-0.17738330230523186|                 1.0| -0.3660869016915967| 0.12806863509254293|-0.27353397663851275|  0.2915116731330396| -0.4444128155751253|  0.3334608196570662|\n",
            "|  0.4556214794479462|-0.41299457452700433|  0.6037997164766219|-0.05392929837569...| 0.5908789208808454|   0.543993412001569| 0.37404431671467636| -0.3660869016915967|                 1.0| -0.6138082718663945|  0.6023385287262399|-0.49699583086368526|  0.4886763349750662| -0.7376627261740145|\n",
            "|  -0.219246702862514| 0.31199058737409197| -0.3916758526568437| 0.09125122504345601|-0.3021881878495933|-0.29204783262321904| -0.3555014945590851| 0.12806863509254293| -0.6138082718663945|                 1.0|-0.24026493104775132| 0.20524621293005493|-0.20984666776610858|  0.6953599470715388|\n",
            "|  0.3527342509013635| -0.5695373420992127|  0.6447785113552555| 0.08651777425454256| 0.7314701037859579|  0.5064555935507052| 0.26151501167195773|-0.27353397663851275|  0.6023385287262399|-0.24026493104775132|                 1.0| -0.7478805408686315|  0.4560224517516133|-0.37695456500459584|\n",
            "| -0.3796700869510246|   0.664408222762113| -0.7080269887427688|-0.09917578017472718|-0.7692301132258271| -0.5344315844084561|-0.23247054240825682|  0.2915116731330396|-0.49699583086368526| 0.20524621293005493| -0.7478805408686315|                 1.0| -0.4945879296720755| 0.24992873408590394|\n",
            "|  0.6255051452626013| -0.3119478260185375|  0.5951292746038489|-0.00736824088607...| 0.6114405634855754|   0.910228188533183| 0.46474117850305563| -0.4444128155751253|  0.4886763349750662|-0.20984666776610858|  0.4560224517516133| -0.4945879296720755|                 1.0| -0.3816262306397777|\n",
            "| -0.3883046085868113| 0.36044534245054427|-0.48372516002837335| 0.17526017719029738|-0.4273207723732823| -0.4685359335677664|  -0.507786685537562|  0.3334608196570662| -0.7376627261740145|  0.6953599470715388|-0.37695456500459584| 0.24992873408590394| -0.3816262306397777|                 1.0|\n",
            "+--------------------+--------------------+--------------------+--------------------+-------------------+--------------------+--------------------+--------------------+--------------------+--------------------+--------------------+--------------------+--------------------+--------------------+\n",
            "\n"
          ]
        }
      ]
    },
    {
      "cell_type": "code",
      "source": [
        "# Plotting the correlation matix\n",
        "plot_corr_matrix(corrmatrix, df1.columns,234)"
      ],
      "metadata": {
        "colab": {
          "base_uri": "https://localhost:8080/",
          "height": 530
        },
        "id": "LJjCUffZcUg5",
        "outputId": "da3238f0-db10-460d-c4e6-61fcba0438b3"
      },
      "execution_count": 17,
      "outputs": [
        {
          "output_type": "stream",
          "name": "stderr",
          "text": [
            "<ipython-input-6-48d0c5e9f215>:6: UserWarning: FixedFormatter should only be used together with FixedLocator\n",
            "  ax.set_xticklabels(['']+attr)\n",
            "<ipython-input-6-48d0c5e9f215>:7: UserWarning: FixedFormatter should only be used together with FixedLocator\n",
            "  ax.set_yticklabels(['']+attr)\n"
          ]
        },
        {
          "output_type": "display_data",
          "data": {
            "text/plain": [
              "<Figure size 640x480 with 2 Axes>"
            ],
